2205275
49950357
60631557
81859606
95523390
133539124
146905743
147128782
153289284
168829350
197616375
203056337
264862030
282802540
287316492
298713362
306074959
340755272
379599519
399968331
417640465
420422408
437022405
439460090
456705631
457665579
460448676
471776889
499974900
507496440
509740505
543969079
563113060
579214013
584728437
600763273
659255018
659347980
721564924
755076413
785974232
795461221
797569160
799031471
811714232
825560089
833516108
838518998
875818852
921117898
947503250
967193154
997855108
1008086123
1013790075
1032631406
1039910375
1065515315
1070570402
1081850985
1145263182
1149502782
1182699577
1186136750
1210336925
1234315514
1273531540
1290305519
1314485043
1330030137
1334994737
1336835665
1347262973
1443372664
1490442139
1547676479
1566161507
1616183890
1628445845
1637112863
1660184651
1671720610
1685523590
1689405610
1736169175
1741884480
1791131930
1799842244
1851940489
1870291997
1870335057
1910620079
1928453444
1939106461
1985887812
2001094877
2007391630
2106768877
2132118175
2132738776
