2147298860
2146214212
2145100035
2141754450
2140447876
2138272318
2137732224
2137045671
2136011939
2135858119
2134190928
2134105993
2130745203
2130348596
2128152837
2121068363
2121053315
2120535751
2120521833
2114576130
2111485931
2103438867
2095622249
2093891658
2092647577
2091519086
2090819729
2087546231
2081489961
2080856457
2078380050
2077377742
2070839544
2070529616
2067887705
2067786462
2066802970
2064014737
2063743058
2062511480
2059809616
2053690104
2051324149
2050770244
2050641934
2045032143
2043942897
2040450561
2039565468
2039365967
2037519863
2035943329
2032658816
2029212651
2029048819
2023792580
2022528082
2020409461
2019524630
2016052228
2015991324
2012231722
2010017931
2009990054
2008825226
2008164205
2007693147
2001453376
1998103170
1996043826
1992882584
1992553802
1990202067
1985234129
1981801964
1979872686
1979606450
1979376858
1978906086
1976387557
1975117996
1974916269
1974073310
1973978427
1971982151
1967723501
1966212348
1959743490
1957557388
1955004222
1954005054
1953945262
1952925878
1952024082
1950288693
1949476441
1947726271
1944371306
1936072478
1934858334
1934155184
1933821258
1933386741
1929997696
1927032993
1924949178
1924521864
1920981130
1916006526
1915168697
1907117938
1906949604
1904767672
1904763697
1904036113
1901975520
1900296261
1897228377
1895511602
1894239410
1894018335
1893668081
1891937159
1888312023
1884624406
1883520210
1881882737
1879825828
1872194485
1870224549
1870062090
1869211391
1868150122
1862612877
1861208076
1860863390
1858547780
1857809716
1855359073
1854370065
1850890079
1850273206
1849914189
1848147329
1847682894
1847632422
1844222692
1842349144
1840813665
1839799489
1839152331
1837177614
1836082899
1835822760
1834169175
1833188471
1825771422
1824747545
1823193429
1822068707
1819743211
1819000351
1815320870
1812525528
1809900539
1806536379
1804811302
1804720503
1803621905
1802757734
1801323873
1799842108
1798504606
1797935217
1793545397
1792630115
1792425443
1791097120
1790134906
1787427218
1780255996
1764817117
1760671654
1758059644
1757432169
1756051723
1755995590
1755732631
1754195095
1752633657
1751191830
1747049252
1745819201
1744570910
1741948894
1741409661
1741385889
1739540980
1736961989
1732791150
1730445987
1725671656
1722217167
1718440829
1718373996
1712936865
1710219945
1710188512
1706895101
1704683701
1703286654
1697459683
1693149047
1692201124
1685047964
1684346733
1683993855
1676254270
1667855171
1667007591
1663359610
1657460602
1657234342
1648696097
1646119496
1644616570
1643788589
1634612271
1633195959
1631020324
1629556266
1629000102
1627548575
1626618196
1624706190
1621191523
1620349553
1620175283
1619376163
1615352992
1613960946
1607384565
1606602072
1605942326
1603214732
1601648187
1595817873
1595372034
1593999354
1593331014
1593264842
1592627467
1592594508
1591486297
1589739201
1589723624
1588869383
1584522162
1580397438
1576309164
1576263052
1571777127
1567705361
1558195106
1556957214
1555683157
1550143582
1548192858
1541536535
1539282763
1535248872
1534461626
1531972402
1529340877
1528146863
1527788823
1527753312
1526588179
1525031039
1523174443
1523145751
1521141265
1519919620
1514207293
1512430631
1511590753
1511437294
1506496160
1506122767
1505350923
1505008525
1499911774
1496842425
1491398014
1491064055
1489833274
1489516349
1485643714
1484420398
1483394743
1482528981
1476202217
1476107646
1474131452
1470250960
1469586799
1466702995
1460428837
1458011233
1456441011
1455394426
1452396892
1451631498
1451301137
1447686586
1446847550
1446374543
1444412991
1444353562
1443197544
1440139503
1439555129
1438054282
1434998591
1434305947
1425772193
1423992853
1423204186
1420109911
1420091165
1417662117
1414959659
1412385855
1409063341
1408288864
1405851810
1405381273
1404605584
1403203794
1402925288
1400977535
1400043162
1398729034
1396238352
1394041656
1393763416
1392619997
1392085366
1389961171
1388855062
1385756281
1385383457
1382148860
1380050445
1376278330
1375565018
1375243340
1374455144
1371822840
1370741276
1370726589
1370580397
1369530362
1369432387
1367463883
1359732689
1356126328
1354823151
1354235448
1351045089
1346494520
1345828891
1344874583
1339846496
1334325115
1324129336
1323846965
1323504616
1322283354
1321364554
1317304543
1316959529
1313787436
1311205532
1309501951
1308668357
1308348770
1305591587
1305002693
1304800741
1304603589
1303062841
1302172796
1301370451
1300235891
1299966834
1299120891
1298580438
1297931644
1296427694
1296354427
1295624474
1293670137
1293603436
1292920947
1290930941
1285799375
1281422079
1280268091
1279700718
1279331803
1278478814
1276153797
1275120768
1274031138
1272378111
1270187842
1268710067
1265517044
1264967693
1261729843
1259523075
1254976135
1253301790
1253154670
1252115404
1251485067
1250282260
1249080116
1245014465
1240798842
1237653073
1235502033
1235066330
1233472773
1230970053
1229171396
1228879119
1228327462
1224506408
1222831012
1220889147
1220304224
1217222434
1211365241
1210899293
1209880762
1206108285
1203835362
1198683615
1198195531
1198134371
1195089641
1194506220
1192458584
1188398479
1187683563
1187229835
1186148509
1184902679
1178751907
1173206799
1166251098
1163620708
1161344959
1160599248
1157792302
1155457291
1154559562
1154550848
1151461025
1150968893
1150848911
1149128651
1149076485
1148762595
1146645028
1142243705
1140894341
1135451423
1134088571
1133643055
1131265749
1130886122
1126602271
1122311989
1120748033
1118244938
1117473818
1115501641
1115461525
1115374907
1109840419
1105091330
1103759979
1103635707
1101991980
1100499423
1100227199
1098493501
1096740874
1095168322
1087375922
1087146306
1082941373
1080834041
1073491252
1069928239
1065369036
1062226082
1060972767
1056861015
1055607685
1053202553
1050800823
1049518057
1048745974
1047870336
1034790230
1033873017
1032992182
1031911400
1027833931
1027412675
1024643374
1021850414
1019133090
1011570296
1010675241
1010065131
1006759649
998640575
995471688
994943738
992611233
991317107
987142105
986549903
983498526
982516155
981370336
979164651
978432797
975450154
971273986
970972741
968503098
967336541
964318729
963593953
963557294
960571590
955442637
954026731
952489784
950006013
949694174
947638446
945644310
945389566
945354174
944539715
943670787
940734414
939207261
935199298
934828353
934714355
934431616
931671619
929394754
928493955
924640500
923664175
922987783
921605198
918502840
914712310
913936061
907235418
904900506
904251621
903073101
901502922
901169780
900076741
898315167
897129914
896533026
894137876
890402656
886388341
884428920
881170295
880845197
876583603
872299133
871838553
868796863
866194275
860525396
854762236
854501259
852942942
851663532
840573527
838708628
833300514
832220024
826719795
822249150
811551833
811198250
808147105
807329152
805805587
805664472
804003158
803859790
797668041
797166454
796386160
794843354
794282304
793547488
791816356
791777923
788360845
781536619
779117943
778242166
777248040
775490347
774316399
770928045
768236912
766851348
756610120
756104343
755989186
755963859
753940293
749436735
748119512
747589271
743790190
742015903
741220614
739573820
739491934
736448789
734593114
730004515
728036566
727300945
725381015
724185121
723650654
717706109
716517365
714254972
712352922
711915766
709628533
708945731
708229882
707885900
707242590
703681900
703478018
701603570
683569918
683278944
680668872
679106199
678929202
673498531
669344264
667896427
666928536
664113512
662490481
659603072
658744888
656875265
650534152
646748843
644618763
643381367
642131813
638129084
635272835
630515889
629241968
623975395
623834026
617565406
616399346
615940121
613375942
608052963
602243907
600997786
600782288
599966345
595245536
595218699
595021249
594332824
591255236
586526717
585277048
583393473
583020317
580779877
577260863
572423458
572268725
569327095
567558836
566213614
565823727
563577901
561741027
560405914
556488304
556339683
555511536
554728371
552509322
552402302
548898516
547828224
544751183
543568940
542911117
542903717
533138704
529836020
529796697
528856594
528731341
527724683
526824878
524353507
522004580
521840863
520592200
520469835
520173814
515284437
513219751
512879037
507349568
507303293
507083751
501912645
501764265
499364625
494189993
487676978
486426068
485788574
485112433
484674791
480211636
479056875
476812621
475445846
474364901
463997768
463587067
463178586
459382020
456906846
456117511
453030826
452649141
450303496
443480020
443285734
442923480
442127713
435611067
434894374
433743889
431665394
431129315
429492673
428807674
428428426
427691484
426197220
424537961
423556273
422382389
421633864
421400089
421155362
419208655
416691418
415845946
415804655
415326341
411850769
410924991
407899384
407774815
403884357
402010182
398029567
397277575
395063596
392476749
391688916
386724082
385331043
378013279
377584597
377572365
377383077
376576343
375018977
374207602
373465914
367203225
365139122
364318828
362000780
360457413
359064124
358916037
353907450
352849779
345714421
345291211
344022221
343187268
338570168
337761100
337023253
335274656
334522725
333486167
331599314
331259410
331138564
330661377
320944453
318577677
317094106
316805370
312688334
311359292
309943041
309301732
307270009
304198068
303223450
301004169
298242049
298143414
297046052
296999520
296206340
290091809
289333129
289245604
286194207
284795211
284262001
281219597
280634522
275687767
272634594
271020195
268804631
267183441
266185759
261667660
261019335
260875700
259701051
259574518
257787389
253895020
249371228
246647533
242069214
241212147
241157664
240405446
239731607
239274066
238914560
237350387
236274507
234342098
234052643
230044776
224761412
220668169
219850555
217959813
215434793
213809700
211968975
211402534
208741253
205502934
197256491
191583551
191446722
189116420
188187188
186687764
186385964
186333306
182524353
182427180
181555995
178513164
176710583
176581819
172847066
172222213
170643532
167167389
166150166
160214245
159248174
158873877
157543593
156639217
156465841
153178576
148824063
147804745
140000434
139962840
129131675
124859608
123240724
116618168
116339854
116011845
108957416
107801693
107193686
106688954
105872195
100125184
95864249
93232923
90657848
90356833
90354279
89547257
86986165
86964473
85080296
84128797
79976371
75352861
74803157
72681180
71764790
70452598
68022313
66518157
64563036
62110693
60326760
58393608
51828940
51079470
44234529
43783538
42239360
39312073
38523243
36308156
30883350
29067326
26542433
23305740
21313908
21201866
18717986
18397881
13698169
9005698
8721322
8148430
7292826
7207294
6838359
4943224
4742292
3215899
